0.343097 0.631533 0.633192 0.641437 0.654179 0.664369 0.696023
0.802469 0.937062 0.93273 0.929001 0.924595 0.92622 0.689823
0.726165 0.922573 0.924792 0.926743 0.929426 0.931541 0.754122
0.73303 0.994705 0.996857 0.997935 0.997834 0.996819 0.749855
0.349868 0.643588 0.654602 0.664334 0.674776 0.682165 0.653681
0.796942 0.275008 0.301029 0.311041 0.285159 0.278231 0.14516
0.281731 0.559624 0.555893 0.674219 0.799442 0.607139 0.0557743
0.0966756 0.402171 0.630938 0.790199 0.673503 0.653918 0.0336712
0.0379014 0.482909 0.704852 0.798133 0.727875 0.587836 0.0168162
0.0833799 0.556434 0.628814 0.776837 0.660377 0.625594 0.0528156
0.0477973 0.599341 0.611071 0.791038 0.747768 0.528062 0.0332259
0.0840976 0.627761 0.726653 0.689836 0.677628 0.619357 0.0531883
0.120232 0.690419 0.736813 0.771493 0.726641 0.64668 0.0404987
0.0270911 0.716322 0.817654 0.842534 0.777924 0.707922 0.0733958
0.0505702 0.779861 0.825774 0.835482 0.738135 0.636897 0.107614
0.0789885 0.745671 0.76853 0.765934 0.756465 0.699778 0.0823186
0.0916708 0.675505 0.784179 0.703161 0.615486 0.54896 0.0899515
0.0687913 0.604272 0.681632 0.766457 0.672408 0.61875 0.110836
0.0558763 0.526359 0.598062 0.688262 0.639881 0.6052 0.0749246
0.0524105 0.559542 0.611741 0.726199 0.753243 0.649761 0.0781934
0.054731 0.640626 0.698571 0.812122 0.754822 0.64313 0.0641817
0.063737 0.655623 0.734141 0.866277 0.768527 0.662013 0.0661058
0.081223 0.682962 0.768776 0.816521 0.723516 0.676333 0.0996138
0.107866 0.774008 0.858144 0.898582 0.85345 0.793708 0.124642
0.125529 0.752871 0.801289 0.807669 0.787609 0.716677 0.0990059
0.142089 0.774788 0.784942 0.726841 0.642765 0.562647 0.0931243
0.126021 0.799177 0.826253 0.839173 0.76953 0.711913 0.158472
0.125634 0.738309 0.75025 0.691655 0.65305 0.645967 0.157265
0.155726 0.772969 0.777533 0.837021 0.77598 0.705589 0.130123
0.15517 0.76897 0.784057 0.810409 0.781734 0.730689 0.111614
0.121199 0.739086 0.818975 0.823087 0.693541 0.635796 0.171906
0.140645 0.810982 0.836412 0.844469 0.784402 0.730377 0.147034
0.116641 0.788529 0.822614 0.812958 0.741148 0.669778 0.189669
0.254575 0.844243 0.884531 0.863141 0.778769 0.678798 0.241666
0.268968 0.735407 0.78026 0.793368 0.739161 0.685998 0.35679
0.369031 0.8093 0.792017 0.766756 0.698893 0.630797 0.368699
0.429033 0.776022 0.865917 0.874933 0.781067 0.691944 0.394433
0.302258 0.75249 0.845759 0.877701 0.783926 0.69114 0.527458
0.306962 0.731605 0.835958 0.882114 0.773839 0.674687 0.413155
0.29327 0.732685 0.831275 0.870507 0.788843 0.700953 0.377963
0.327409 0.71966 0.829481 0.906168 0.781429 0.678239 0.287762
0.312201 0.648503 0.790459 0.925724 0.777824 0.634296 0.291911
0.309909 0.642643 0.772279 0.881561 0.737688 0.600315 0.306769
0.326846 0.63938 0.762673 0.900042 0.758354 0.603296 0.319888
0.349259 0.61317 0.756864 0.911837 0.752069 0.58378 0.331939
0.382015 0.62054 0.756477 0.90696 0.776812 0.61323 0.357037
0.454693 0.646693 0.769865 0.877743 0.75285 0.602032 0.401803
0.489873 0.653675 0.770425 0.894673 0.776618 0.617065 0.478747
0.57649 0.741628 0.831829 0.91511 0.817833 0.709187 0.472065
0.573268 0.769087 0.831415 0.891161 0.798551 0.705204 0.494929
0.549695 0.796444 0.838791 0.889339 0.82736 0.742005 0.456522
0.515879 0.799469 0.824406 0.86715 0.822905 0.752075 0.41495
0.447146 0.788917 0.863225 0.921156 0.857343 0.769932 0.352725
0.435088 0.824596 0.90898 0.948828 0.888205 0.789426 0.361806
0.506559 0.676605 0.820882 0.915141 0.84785 0.748301 0.440526
0.525356 0.678032 0.753048 0.750083 0.676829 0.634672 0.51897
0.414085 0.463933 0.521385 0.581837 0.589334 0.569794 0.583318
0.742455 0.636936 0.675865 0.755738 0.72123 0.662228 0.525821
0.626806 0.422709 0.515615 0.724873 0.669973 0.57479 0.542456
0.516551 0.357902 0.508531 0.692778 0.665126 0.517655 0.438601
0.543794 0.44461 0.501676 0.517246 0.465176 0.418855 0.646643
0.567763 0.888229 0.911148 0.913577 0.875301 0.823771 0.536177
0.668888 0.663008 0.668688 0.659924 0.642835 0.628439 0.389781
0.302064 0.706994 0.782337 0.83647 0.825053 0.784963 0.246649
0.213514 0.729905 0.836536 0.897212 0.817569 0.69843 0.1842
0.19059 0.697345 0.822853 0.924193 0.842021 0.717573 0.18682
0.19144 0.706533 0.842494 0.912001 0.829371 0.691443 0.162678
0.191153 0.739991 0.829593 0.88536 0.861689 0.763047 0.169972
0.169859 0.76562 0.807898 0.856866 0.848103 0.792564 0.146306
0.177284 0.892411 0.903469 0.89973 0.881917 0.836636 0.117008
0.154444 0.898705 0.912496 0.917068 0.901248 0.844449 0.124675
0.1548 0.930398 0.951575 0.952001 0.931513 0.887699 0.190885
0.176256 0.60592 0.627858 0.642771 0.645688 0.642958 0.202987
0.10065 0.335715 0.350399 0.412004 0.372168 0.393013 0.0290434
0.102904 0.516914 0.570482 0.736514 0.738028 0.82823 0.0447673
0.218253 0.676796 0.71331 0.688992 0.655766 0.620043 0.162807
0.519025 0.656947 0.73352 0.819787 0.664725 0.515644 0.163046
0.423165 0.474985 0.587951 0.673581 0.682157 0.584418 0.392871
0.519611 0.527447 0.726339 0.692138 0.583138 0.492831 0.446208
0.50316 0.575769 0.634026 0.764386 0.636684 0.500698 0.488532
0.428819 0.487604 0.644627 0.773219 0.731987 0.563022 0.487257
0.434641 0.603648 0.742943 0.828754 0.700667 0.509482 0.487955
0.48659 0.59598 0.710535 0.739999 0.697278 0.604852 0.457756
0.65651 0.580435 0.681662 0.73295 0.675769 0.582522 0.314953
0.542216 0.746942 0.868095 0.913399 0.833067 0.707286 0.615888
0.604419 0.776499 0.895346 0.948567 0.886298 0.766091 0.571943
0.603635 0.754288 0.820816 0.852604 0.811003 0.726641 0.541227
0.404545 0.69972 0.763194 0.814903 0.798314 0.735068 0.588882
0.375925 0.764375 0.8467 0.872879 0.822064 0.771518 0.463403
0.348505 0.74023 0.841161 0.917216 0.857127 0.74842 0.370852
0.314051 0.702132 0.807354 0.8796 0.858139 0.769414 0.353884
0.309959 0.750323 0.830845 0.883369 0.822042 0.729848 0.340516
0.330647 0.708499 0.806144 0.860703 0.814737 0.726558 0.268131
0.254073 0.773499 0.83257 0.87578 0.772305 0.70554 0.296186
0.274602 0.709187 0.746037 0.785674 0.794012 0.738132 0.21601
0.149592 0.679572 0.698898 0.729538 0.764137 0.737706 0.198717
0.123077 0.608037 0.685225 0.747916 0.692478 0.694032 0.0679994
0.0484375 0.651872 0.802978 0.948756 0.79878 0.604906 0.0568667
0.0691144 0.708653 0.845574 0.890486 0.762553 0.659579 0.0709542
0.0594781 0.648878 0.752376 0.822546 0.757329 0.680689 0.146668
0.0559572 0.690068 0.764769 0.808751 0.702863 0.627908 0.1017
0.0925119 0.717662 0.734442 0.761298 0.732753 0.67744 0.0892649
0.199733 0.738524 0.801796 0.830021 0.793238 0.796752 0.126685
0.650079 0.585037 0.65017 0.733525 0.716442 0.717254 0.332947
0.671033 0.289135 0.29131 0.285239 0.273705 0.260738 0.434956
0.261825 0.863572 0.876104 0.869575 0.806033 0.733707 0.268776
0.198828 0.682189 0.727297 0.778739 0.760606 0.696263 0.333836
0.271972 0.623086 0.718805 0.74897 0.638316 0.585959 0.300841
0.182973 0.616797 0.726864 0.790452 0.695377 0.607426 0.294545
0.324848 0.677532 0.816503 0.872757 0.769062 0.635688 0.170261
0.293757 0.744122 0.843418 0.898627 0.878852 0.823581 0.235722
0.269135 0.773669 0.857004 0.890825 0.831051 0.771811 0.190014
0.187852 0.696047 0.797625 0.898251 0.910315 0.880153 0.202507
0.230335 0.851251 0.906322 0.922302 0.881485 0.801551 0.182058
0.236423 0.636741 0.748186 0.803443 0.799584 0.75233 0.248573
0.235504 0.609146 0.673258 0.740635 0.793419 0.820664 0.258935
0.295546 0.697132 0.728173 0.797282 0.795573 0.733672 0.362402
0.262002 0.655637 0.708567 0.733486 0.725238 0.731534 0.349204
0.284675 0.731856 0.80143 0.853765 0.806244 0.782029 0.298852
0.290286 0.708943 0.763848 0.82392 0.862848 0.873434 0.310325
0.213551 0.719117 0.823126 0.864356 0.827435 0.803626 0.186423
0.195448 0.755573 0.813295 0.857432 0.897376 0.888317 0.174496
0.120209 0.785096 0.810135 0.796441 0.839616 0.817537 0.154116
0.0837977 0.668356 0.747328 0.805852 0.817693 0.757514 0.0782433
0.0633381 0.781148 0.854246 0.895694 0.817957 0.721098 0.0860665
0.0629462 0.734279 0.845634 0.915881 0.84089 0.752729 0.0639755
0.0935696 0.7156 0.739471 0.768145 0.726092 0.660264 0.0922927
0.104027 0.793238 0.81696 0.836928 0.83913 0.808769 0.0997007
0.11186 0.841205 0.878228 0.901065 0.907683 0.910961 0.110016
0.166359 0.860628 0.899981 0.924342 0.93766 0.94 0.128676
0.23593 0.862211 0.902241 0.928466 0.954031 0.966094 0.164983
0.270093 0.802669 0.836685 0.864062 0.904428 0.925759 0.196296
0.194592 0.793456 0.86512 0.919724 0.964349 0.976401 0.234469
0.156957 0.863002 0.91928 0.958588 0.980206 0.981382 0.174689
0.170452 0.846196 0.917835 0.966437 0.982571 0.96523 0.152984
0.142945 0.860033 0.928788 0.974553 0.98779 0.968509 0.136986
0.122059 0.892937 0.956025 0.990617 0.986339 0.950544 0.126905
0.125487 0.892147 0.944877 0.975542 0.976053 0.949897 0.101366
0.105519 0.764273 0.780926 0.780343 0.753246 0.705902 0.101406
0.0589422 0.260062 0.289866 0.309062 0.301597 0.292992 0.0307766
0.193944 0.482228 0.647788 0.763154 0.644254 0.528041 0.0348161
0.21626 0.633907 0.709631 0.742435 0.641221 0.471119 0.0919889
0.42961 0.641258 0.756304 0.786467 0.608917 0.457872 0.195742
0.476439 0.723426 0.806598 0.813632 0.759009 0.688345 0.401503
0.418881 0.640366 0.749694 0.752765 0.642339 0.56494 0.338138
0.473399 0.618335 0.728511 0.814269 0.796573 0.713377 0.448117
0.437171 0.61736 0.689782 0.823842 0.783716 0.615581 0.431356
0.443106 0.662791 0.803644 0.79908 0.740267 0.652147 0.433202
0.444101 0.798514 0.751691 0.766626 0.637776 0.47165 0.446069
0.516551 0.721708 0.726436 0.695749 0.596363 0.55617 0.48053
0.394412 0.508894 0.581032 0.712156 0.702607 0.523295 0.455794
0.493109 0.683811 0.738089 0.837751 0.769463 0.62722 0.459971
0.460008 0.578312 0.664546 0.801643 0.74185 0.586508 0.49732
0.587652 0.729101 0.785944 0.729554 0.712116 0.725393 0.563492
0.494638 0.753454 0.807384 0.798031 0.750142 0.707515 0.584659
0.589238 0.739632 0.746568 0.75121 0.702915 0.61653 0.529047
0.51905 0.642146 0.765979 0.82993 0.712979 0.537446 0.293247
0.326163 0.529807 0.690233 0.840524 0.680866 0.493966 0.367046
0.0372698 0.708241 0.829428 0.819248 0.601418 0.459362 0.393444
0.039498 0.665441 0.750268 0.740197 0.601061 0.526205 0.0851493
0.0727478 0.54733 0.619443 0.708263 0.541111 0.469136 0.0553838
0.135675 0.596737 0.651917 0.82409 0.734403 0.620412 0.116711
0.157193 0.401845 0.503702 0.615492 0.524761 0.531151 0.119902
0.164524 0.521377 0.601955 0.643126 0.77988 0.720071 0.127856
0.248359 0.575755 0.710516 0.777358 0.798585 0.772559 0.109701
0.524276 0.720073 0.780199 0.844573 0.713777 0.619306 0.155135
0.475146 0.593894 0.639738 0.72119 0.800795 0.680995 0.460864
0.491781 0.695821 0.772677 0.824822 0.723975 0.62914 0.503684
0.517065 0.605401 0.656404 0.782066 0.749813 0.702597 0.388814
0.40502 0.636923 0.761564 0.688493 0.711838 0.627798 0.505457
0.341026 0.657542 0.741291 0.811913 0.800152 0.757286 0.455702
0.227454 0.721596 0.763144 0.767197 0.752481 0.599116 0.444481
0.06743 0.732575 0.795698 0.842385 0.757236 0.70635 0.524896
0.0272586 0.658001 0.679655 0.693219 0.700148 0.677097 0.409105
0.209046 0.677676 0.702959 0.684101 0.640491 0.577446 0.145201
0.210232 0.624012 0.660689 0.713039 0.676315 0.621542 0.31042
0.282935 0.75696 0.807915 0.858804 0.81572 0.750796 0.27307
0.406187 0.534996 0.70646 0.82967 0.685511 0.525523 0.35142
0.468726 0.703207 0.790613 0.844014 0.722748 0.610707 0.300704
0.44166 0.666518 0.746195 0.803566 0.726951 0.627105 0.349928
0.354898 0.84468 0.88191 0.900802 0.872512 0.837723 0.251413
0.398014 0.765789 0.817385 0.85396 0.826947 0.779349 0.329196
0.523924 0.144606 0.1424 0.140831 0.139689 0.135635 0.0413975
0.838679 0.978015 0.973805 0.968146 0.962143 0.95541 0.648984
0.742845 0.996253 0.997078 0.996731 0.995619 0.993644 0.752303
0.878782 0.863863 0.846825 0.82883 0.815438 0.802281 0.415768
0.723392 0.301923 0.304795 0.307512 0.30162 0.29861 0.208792
0.483472 0.533049 0.625059 0.587916 0.510698 0.448009 0.0427415
0.0689174 0.676385 0.785133 0.796679 0.636988 0.516403 0.0226148
0.0288312 0.666284 0.824263 0.811134 0.728906 0.575149 0.0462091
0.0400243 0.552138 0.696657 0.771013 0.751522 0.622828 0.126075
0.0592543 0.451038 0.58038 0.7672 0.680436 0.543391 0.105043
0.0277456 0.424885 0.630996 0.772777 0.515834 0.348147 0.127389
0.0293758 0.392408 0.556313 0.694651 0.608056 0.432883 0.174178
0.0768338 0.588564 0.628261 0.687476 0.602246 0.502766 0.101697
0.186706 0.560916 0.657071 0.710182 0.617552 0.555997 0.0939565
0.424769 0.743635 0.78325 0.84371 0.749737 0.646048 0.409581
0.410241 0.488513 0.538377 0.608531 0.542933 0.453282 0.300371
0.71578 0.876049 0.897462 0.918862 0.911161 0.893711 0.65602
0.7266 0.95085 0.958167 0.963275 0.9609 0.95205 0.728776
0.74315 0.926495 0.940538 0.947772 0.945908 0.942322 0.723845
0.693201 0.716876 0.712567 0.706754 0.68335 0.661838 0.405668
0.719944 0.957774 0.963451 0.964561 0.965993 0.966184 0.776166
0.720924 0.960136 0.969597 0.969362 0.951979 0.938814 0.730552
0.584319 0.462996 0.488758 0.499241 0.462813 0.434458 0.321822
0.298266 0.520727 0.655693 0.698572 0.589563 0.411258 0.0900341
0.108282 0.433516 0.559562 0.741947 0.559912 0.400203 0.327625
0.223213 0.425962 0.469426 0.532844 0.524339 0.506752 0.658812
0.222578 0.533497 0.55107 0.56053 0.557428 0.55694 0.433142
0.242796 0.893751 0.910515 0.884645 0.830289 0.777631 0.3214
0.222633 0.784018 0.827662 0.749695 0.653803 0.57994 0.258501
0.307165 0.800661 0.923959 0.903055 0.768816 0.680337 0.274796
0.286793 0.824604 0.872585 0.891591 0.838691 0.786084 0.268587
0.226501 0.94962 0.942387 0.930558 0.912231 0.886653 0.219513
0.747492 0.535151 0.534901 0.533321 0.532593 0.529719 0.321213
0.769272 0.786108 0.791074 0.797819 0.812852 0.818275 0.691541
0.665077 0.76631 0.775939 0.784353 0.790011 0.793644 0.584686
0.683047 0.50406 0.552635 0.566215 0.550901 0.504085 0.0731594
0.327876 0.563737 0.644507 0.719086 0.727975 0.652865 0.0780526
0.170034 0.70098 0.687299 0.647273 0.596026 0.566651 0.0225604
0.210282 0.640489 0.720058 0.876479 0.757834 0.669347 0.0260897
0.253739 0.727001 0.774245 0.716542 0.60111 0.564535 0.0497829
0.157052 0.815691 0.690876 0.565315 0.494073 0.366208 0.0558271
0.162284 0.868372 0.779823 0.639854 0.508945 0.400244 0.0644684
0.0255704 0.774561 0.8269 0.773524 0.702114 0.587149 0.330251
0.0356511 0.706293 0.746041 0.763828 0.726184 0.708229 0.122508
0.0558715 0.741734 0.797884 0.804752 0.782008 0.741826 0.0678669
0.363393 0.641789 0.708974 0.8044 0.742665 0.671118 0.0791129
0.355875 0.439892 0.409768 0.440555 0.471907 0.518566 0.169404
0.764232 0.789175 0.785312 0.793004 0.762965 0.743592 0.614684
0.488181 0.767251 0.783561 0.819632 0.770528 0.75882 0.728678
0.330984 0.710614 0.715188 0.731297 0.725631 0.721567 0.58759
0.570766 0.833195 0.843952 0.83704 0.800678 0.812008 0.500214
0.746949 0.74838 0.748073 0.766681 0.741012 0.74771 0.355571
0.77601 0.718873 0.740934 0.784563 0.776842 0.771582 0.51601
0.620521 0.779609 0.791489 0.833697 0.79703 0.794689 0.748681
0.314943 0.701319 0.715195 0.753036 0.720963 0.712351 0.738599
0.708668 0.775798 0.765602 0.784948 0.785087 0.745164 0.397633
0.70653 0.699665 0.693582 0.733743 0.752659 0.723602 0.405689
0.591078 0.745528 0.765489 0.773967 0.800945 0.792996 0.640357
0.689605 0.81176 0.841302 0.848795 0.805152 0.775992 0.706928
0.498008 0.7787 0.806201 0.77283 0.772062 0.749973 0.702668
0.468122 0.783709 0.777877 0.785818 0.797287 0.805432 0.604079
0.415622 0.701465 0.711382 0.718107 0.69983 0.712053 0.541995
0.558121 0.802931 0.800053 0.818092 0.808718 0.820575 0.533631
0.612849 0.761413 0.775113 0.779916 0.765016 0.751863 0.380381
0.419697 0.772161 0.795943 0.787484 0.801124 0.758945 0.639368
0.713226 0.70961 0.744838 0.752085 0.731934 0.740103 0.40906
0.701377 0.754853 0.780011 0.780074 0.75918 0.747965 0.56131
0.485185 0.736104 0.765331 0.791089 0.753224 0.740313 0.744171
0.325567 0.697383 0.754983 0.761512 0.708242 0.714655 0.757476
0.584979 0.796373 0.808488 0.822113 0.801205 0.771108 0.507882
0.563985 0.647009 0.676984 0.683587 0.683116 0.667808 0.348323
0.719965 0.74997 0.747056 0.784593 0.787675 0.717641 0.65083
0.739665 0.747858 0.777795 0.802077 0.768257 0.758252 0.675073
0.427413 0.726248 0.761634 0.766952 0.761244 0.746461 0.724594
0.278578 0.603957 0.598155 0.565479 0.560248 0.555151 0.577692
0.528405 0.819362 0.83414 0.855721 0.862351 0.850814 0.630349
0.684171 0.744809 0.729672 0.718222 0.716556 0.69534 0.417513
0.503705 0.795556 0.778177 0.778223 0.798365 0.787059 0.551892
0.566885 0.734909 0.754719 0.791407 0.778244 0.739358 0.3839
0.618101 0.762173 0.781006 0.788079 0.792681 0.800933 0.477428
0.73652 0.786977 0.81149 0.808899 0.772823 0.737688 0.511464
0.671736 0.795717 0.794013 0.804089 0.768594 0.762998 0.707682
0.66892 0.792678 0.781512 0.801633 0.797442 0.799938 0.742848
0.540125 0.755674 0.76599 0.758988 0.688324 0.739169 0.682065
0.526542 0.728116 0.744069 0.802619 0.756297 0.735502 0.585699
0.473001 0.786036 0.810803 0.801769 0.792288 0.774722 0.627311
0.636114 0.790245 0.794872 0.785259 0.766998 0.73474 0.461552
0.737679 0.748825 0.751022 0.767119 0.789534 0.785319 0.493581
0.595402 0.767059 0.794643 0.807413 0.820938 0.798712 0.705766
0.758087 0.746934 0.756626 0.806408 0.781117 0.768723 0.539311
0.621738 0.721053 0.766471 0.773671 0.765801 0.71419 0.767098
0.470404 0.761979 0.776163 0.778641 0.739679 0.729608 0.657816
0.592954 0.78916 0.776945 0.824597 0.816048 0.777891 0.482482
0.666515 0.766255 0.784919 0.757831 0.779793 0.760805 0.530288
0.452621 0.692627 0.731288 0.75185 0.716595 0.730826 0.667539
0.567654 0.745975 0.729714 0.764968 0.7286 0.70475 0.466146
0.389573 0.720829 0.768427 0.765453 0.775709 0.725328 0.562249
0.724932 0.738085 0.755568 0.79997 0.778561 0.764931 0.404641
0.536872 0.795494 0.815311 0.78219 0.750238 0.743265 0.522396
0.295465 0.724949 0.727742 0.716731 0.711565 0.720125 0.721884
0.599118 0.803408 0.80974 0.819427 0.804685 0.776126 0.424022
0.636855 0.754209 0.7442 0.780237 0.781303 0.762304 0.42028
0.400406 0.729387 0.796353 0.766469 0.748961 0.755089 0.600056
0.458438 0.781964 0.79073 0.824822 0.789494 0.798336 0.597714
0.625413 0.830267 0.808875 0.828151 0.808062 0.763431 0.452917
0.612634 0.715355 0.762086 0.750977 0.737464 0.727728 0.472775
0.691204 0.780163 0.76152 0.754949 0.739215 0.710126 0.598485
0.659088 0.731683 0.77004 0.733255 0.76649 0.777319 0.535446
0.660531 0.762752 0.778576 0.795208 0.775141 0.724018 0.690853
0.496457 0.755027 0.779082 0.801718 0.778574 0.724313 0.751904
0.520927 0.764263 0.787631 0.811598 0.810135 0.793782 0.598702
0.541855 0.801795 0.790355 0.811634 0.7923 0.775709 0.616552
0.778848 0.747234 0.745415 0.760049 0.742212 0.733903 0.394111
0.738851 0.801094 0.803702 0.836423 0.786783 0.787606 0.734831
0.386626 0.697901 0.758558 0.76801 0.72601 0.685975 0.68118
0.573399 0.784035 0.806375 0.818456 0.791778 0.774308 0.675024
0.772278 0.763282 0.779077 0.790405 0.752059 0.733913 0.388056
0.716272 0.782067 0.791421 0.796739 0.797989 0.792034 0.63852
0.583796 0.763257 0.780985 0.801329 0.797242 0.777733 0.720713
0.5012 0.786582 0.792552 0.80531 0.78304 0.767501 0.683532
0.41409 0.734875 0.782215 0.810486 0.751307 0.748275 0.707464
0.561245 0.800052 0.835509 0.822903 0.828742 0.798519 0.535684
0.642545 0.738598 0.765841 0.758447 0.771436 0.762146 0.397353
0.459452 0.775961 0.784095 0.822393 0.805773 0.775631 0.659543
0.395 0.759808 0.7803 0.793988 0.796832 0.773159 0.638896
0.668983 0.773704 0.771584 0.798698 0.777679 0.723926 0.346583
0.750153 0.716853 0.716549 0.766118 0.753867 0.731984 0.457258
0.757315 0.751543 0.774199 0.801972 0.772402 0.774519 0.700621
0.513328 0.779502 0.797468 0.772053 0.744076 0.745435 0.778223
0.526509 0.783266 0.789111 0.794431 0.782016 0.772509 0.648941
0.439039 0.779664 0.79296 0.793264 0.795577 0.800672 0.673975
0.476574 0.788482 0.771911 0.775097 0.782913 0.769304 0.496461
0.568682 0.839286 0.821019 0.833303 0.810755 0.805076 0.525791
0.626846 0.785588 0.794327 0.803485 0.804778 0.787117 0.477311
0.724392 0.788073 0.777055 0.761873 0.765034 0.74392 0.450513
0.714364 0.80952 0.815574 0.836452 0.830896 0.829401 0.631864
0.420872 0.752199 0.775142 0.770024 0.733102 0.720328 0.718655
0.453872 0.766326 0.768157 0.795591 0.805618 0.794055 0.615798
0.604849 0.795768 0.761283 0.784542 0.767605 0.797499 0.460307
0.421032 0.761277 0.803755 0.797501 0.774517 0.785366 0.647366
0.549837 0.708712 0.744659 0.754238 0.718113 0.678839 0.362755
0.712444 0.743854 0.791463 0.805769 0.741878 0.701233 0.359144
0.738768 0.765631 0.759257 0.791511 0.765978 0.72737 0.541291
0.610298 0.766579 0.779902 0.807105 0.785854 0.756691 0.728807
0.686013 0.712451 0.735749 0.785526 0.718576 0.715244 0.686503
0.52095 0.758042 0.739927 0.741489 0.708337 0.676812 0.646329
0.525661 0.724824 0.775705 0.795128 0.783807 0.773307 0.567681
0.366151 0.747338 0.761104 0.783596 0.741457 0.736269 0.690627
0.574178 0.746331 0.772336 0.775421 0.782674 0.73962 0.42305
0.429928 0.752779 0.770728 0.793301 0.816123 0.79517 0.454741
0.534618 0.800103 0.813914 0.845449 0.807373 0.780057 0.505814
0.529092 0.778645 0.815739 0.836847 0.807358 0.807625 0.53041
0.497122 0.769142 0.814016 0.809646 0.803173 0.805759 0.689418
0.600999 0.761419 0.776996 0.809129 0.768772 0.741353 0.463396
0.70287 0.737109 0.738976 0.769966 0.761401 0.770396 0.386396
0.582853 0.771658 0.773468 0.827715 0.790698 0.754991 0.634124
0.520288 0.792051 0.757891 0.786457 0.757255 0.772597 0.647807
0.484536 0.760308 0.765012 0.782785 0.778126 0.791174 0.579997
0.683875 0.764066 0.782576 0.760588 0.73525 0.741426 0.397927
0.657447 0.773085 0.816095 0.838551 0.839849 0.828192 0.544903
0.547448 0.7768 0.737926 0.801019 0.786586 0.774658 0.645592
0.742851 0.786831 0.787709 0.769428 0.767403 0.753172 0.756649
0.751638 0.790767 0.792905 0.79738 0.802311 0.765818 0.790846
0.683546 0.770932 0.76643 0.742868 0.716441 0.728507 0.604367
0.767137 0.779711 0.804903 0.800195 0.796159 0.789014 0.743032
0.773474 0.788968 0.789154 0.800357 0.791722 0.793658 0.808883
0.746888 0.799923 0.8075 0.799304 0.784036 0.792603 0.750432
0.705707 0.795871 0.80769 0.797313 0.765314 0.776968 0.7821
0.691904 0.756058 0.778131 0.771535 0.797643 0.775211 0.759266
0.74891 0.729502 0.739688 0.781873 0.742965 0.747267 0.737882
0.693117 0.777579 0.751631 0.759727 0.751715 0.73952 0.761665
0.718101 0.765996 0.785362 0.797558 0.806154 0.781097 0.679804
0.764023 0.731831 0.779732 0.790553 0.772933 0.756825 0.710861
0.791506 0.76496 0.796855 0.766185 0.786355 0.786938 0.733814
0.782544 0.80036 0.781445 0.805288 0.805346 0.778442 0.82741
0.750051 0.776238 0.761087 0.769486 0.768591 0.769722 0.767821
0.746897 0.761561 0.786042 0.788006 0.799693 0.796634 0.761546
0.781745 0.819407 0.803065 0.789935 0.796995 0.790339 0.780781
0.766964 0.775703 0.794635 0.823062 0.80526 0.785843 0.809118
0.806604 0.810003 0.80797 0.778373 0.750046 0.759107 0.812819
0.790335 0.775404 0.779547 0.806513 0.794859 0.786665 0.760897
0.745936 0.742361 0.776891 0.764274 0.797085 0.813666 0.76332
0.805373 0.800556 0.805239 0.769014 0.769195 0.793854 0.818757
0.75319 0.765715 0.773345 0.794912 0.807879 0.818252 0.80745
0.784239 0.771682 0.749078 0.787285 0.799805 0.810471 0.776121
0.774678 0.751333 0.753291 0.799993 0.767623 0.765758 0.721826
0.805439 0.752936 0.799531 0.78528 0.784809 0.78908 0.772955
0.791576 0.751799 0.768651 0.800153 0.788723 0.771998 0.745909
0.78779 0.754326 0.749324 0.747212 0.75898 0.750965 0.779383
0.775348 0.789915 0.788807 0.758726 0.757065 0.78227 0.786717
0.788002 0.792879 0.80688 0.794634 0.788193 0.797781 0.803763
0.771307 0.797847 0.819895 0.784525 0.778088 0.780137 0.81571
0.784171 0.806272 0.807066 0.826353 0.817777 0.796495 0.815232
0.77579 0.772328 0.805918 0.808532 0.791683 0.763546 0.802303
0.768606 0.781263 0.816237 0.804994 0.767403 0.756096 0.759083
0.816006 0.80405 0.804232 0.808131 0.801657 0.831512 0.803747
0.757133 0.77939 0.780375 0.76841 0.776416 0.737997 0.722005
0.741457 0.761527 0.786047 0.782389 0.771856 0.789887 0.723101
0.75225 0.794554 0.804004 0.781763 0.779183 0.788643 0.77473
0.727351 0.776195 0.800705 0.824368 0.836078 0.815039 0.820318
0.773054 0.788683 0.780925 0.791685 0.793286 0.777119 0.774262
0.803715 0.820885 0.820033 0.82124 0.825237 0.816158 0.805673
0.782654 0.797371 0.760747 0.788341 0.789862 0.782332 0.723293
0.775137 0.788094 0.76777 0.816454 0.756358 0.772058 0.785343
0.786006 0.801289 0.772331 0.787472 0.747456 0.789212 0.805065
0.78458 0.789286 0.761124 0.779799 0.773447 0.78316 0.732141
0.766738 0.773548 0.793001 0.787034 0.802808 0.801772 0.772941
0.82767 0.791243 0.800643 0.816781 0.810746 0.798977 0.827478
0.773657 0.797722 0.812027 0.824673 0.799569 0.78771 0.793793
0.517331 0.708675 0.719609 0.726988 0.759324 0.747437 0.769049
0.490991 0.803754 0.802577 0.772718 0.776279 0.782453 0.704186
0.577375 0.833593 0.834469 0.841224 0.841622 0.826255 0.702717
0.581259 0.800984 0.822784 0.822967 0.836435 0.8336 0.581461
0.489218 0.724995 0.724033 0.724254 0.718895 0.720421 0.552864
0.695381 0.906359 0.904189 0.886556 0.900128 0.891663 0.609036
0.708764 0.816349 0.813511 0.81286 0.802269 0.805957 0.550595
0.596045 0.666828 0.668706 0.675677 0.658838 0.656513 0.407318
0.477739 0.806904 0.810593 0.805761 0.79918 0.782596 0.653624
0.563059 0.792547 0.829139 0.816276 0.815797 0.812768 0.624692
0.673581 0.78073 0.756091 0.764182 0.765948 0.749556 0.574924
0.373307 0.353857 0.353385 0.348118 0.338483 0.330828 0.24948
0.306505 0.773975 0.819672 0.849751 0.850796 0.821547 0.192074
0.209758 0.871613 0.922317 0.948343 0.930179 0.882676 0.192432
0.243308 0.897673 0.928789 0.948942 0.939417 0.897802 0.221505
0.284217 0.803215 0.864271 0.912771 0.884012 0.84752 0.260319
0.295617 0.702244 0.794338 0.912851 0.885097 0.815633 0.307217
0.330817 0.56494 0.678421 0.853796 0.837549 0.794326 0.328504
0.523586 0.662567 0.728677 0.79932 0.815932 0.822992 0.295921
0.626728 0.695245 0.752673 0.800838 0.784645 0.735586 0.416622
0.574524 0.202484 0.232221 0.286205 0.252597 0.181906 0.236672
0.317514 0.453681 0.619978 0.745043 0.741109 0.601129 0.0989794
0.259793 0.495176 0.655831 0.695835 0.707801 0.665689 0.226865
0.459439 0.61648 0.684706 0.79337 0.792936 0.753708 0.418494
0.561058 0.679598 0.676647 0.708917 0.706741 0.680107 0.406884
0.475171 0.638564 0.773261 0.852211 0.821987 0.71102 0.465025
0.295414 0.753324 0.794325 0.809553 0.629287 0.426614 0.410642
0.19067 0.653675 0.764535 0.846512 0.725095 0.646509 0.405815
0.276444 0.79545 0.768569 0.712234 0.67013 0.628698 0.484304
0.283323 0.740752 0.791088 0.742179 0.746512 0.70274 0.420565
0.268795 0.806551 0.851266 0.854481 0.836126 0.803656 0.364482
0.374813 0.757339 0.803682 0.833827 0.812242 0.823928 0.488361
0.360515 0.774582 0.788902 0.815986 0.80398 0.78812 0.453231
0.573432 0.772526 0.793877 0.832777 0.819662 0.793931 0.453955
0.363112 0.766733 0.833903 0.816911 0.814829 0.80361 0.566349
0.0664946 0.405363 0.399835 0.381749 0.371889 0.352631 0.409691
0.137069 0.532712 0.576164 0.56654 0.504895 0.431276 0.202961
0.099089 0.545944 0.66088 0.76537 0.745299 0.61851 0.0655598
0.0751946 0.442526 0.531115 0.660725 0.770651 0.78352 0.0375816
0.0519544 0.526835 0.601371 0.729757 0.709573 0.608016 0.0468935
0.0563707 0.676824 0.683087 0.789478 0.714486 0.637282 0.0701253
0.0903844 0.773154 0.794719 0.828709 0.797761 0.709884 0.113656
0.171208 0.799291 0.820373 0.87025 0.820543 0.793423 0.167926
0.321005 0.734518 0.759425 0.81548 0.806674 0.793554 0.162796
0.352305 0.585554 0.636716 0.663767 0.673746 0.682973 0.15174
0.437996 0.593883 0.647577 0.731491 0.757436 0.694712 0.090045
0.31667 0.635948 0.72899 0.84895 0.838661 0.740501 0.155014
0.500631 0.737014 0.772827 0.767267 0.742173 0.71558 0.211795
0.340526 0.659493 0.754064 0.732557 0.780664 0.781227 0.309547
0.281159 0.631552 0.657824 0.701327 0.80666 0.774232 0.276798
0.0294263 0.62045 0.676519 0.823708 0.689572 0.640907 0.389792
0.0173461 0.658932 0.663477 0.663052 0.595673 0.605802 0.186833
0.0653961 0.630733 0.724556 0.766292 0.712963 0.687912 0.0270406
0.118239 0.700601 0.776418 0.767207 0.65936 0.596968 0.0162861
0.378289 0.575342 0.684791 0.79913 0.624327 0.550088 0.0435236
0.119776 0.648593 0.722578 0.78687 0.689097 0.630862 0.444501
0.0405108 0.687261 0.776707 0.813924 0.742291 0.685936 0.395619
0.0209592 0.59124 0.695199 0.748535 0.650978 0.574512 0.0688509
0.029414 0.639618 0.697224 0.792497 0.684661 0.598129 0.111721
0.0518783 0.587759 0.656285 0.686849 0.580397 0.477113 0.109501
0.112586 0.691858 0.7382 0.802359 0.777207 0.72138 0.16357
0.241953 0.738103 0.759961 0.82287 0.779628 0.749996 0.134329
0.195198 0.792345 0.783436 0.838968 0.823759 0.785987 0.198374
0.335504 0.721218 0.738716 0.780947 0.781455 0.772776 0.231925
0.408684 0.790395 0.808791 0.830252 0.814729 0.783137 0.389554
0.498819 0.658345 0.702729 0.710788 0.733373 0.705424 0.349473
0.540399 0.668098 0.679443 0.760348 0.772594 0.732263 0.485714
0.689817 0.765439 0.80227 0.817557 0.804937 0.786758 0.596777
0.556581 0.600431 0.624596 0.632282 0.590669 0.549618 0.456256
0.38064 0.485959 0.586568 0.672176 0.686831 0.611952 0.133566
0.0617764 0.722571 0.816128 0.813258 0.63566 0.44208 0.0363213
0.0697915 0.251692 0.344768 0.485111 0.512936 0.492853 0.0465139
0.0660268 0.419833 0.49476 0.691805 0.644069 0.529853 0.0931597
0.0989693 0.546103 0.623002 0.788147 0.689126 0.647035 0.148616
0.139682 0.632641 0.653801 0.698296 0.602547 0.552917 0.117737
0.174148 0.630757 0.679715 0.770308 0.697963 0.66445 0.0387287
0.0454256 0.643864 0.667885 0.751872 0.678994 0.707146 0.0552722
0.0313931 0.71929 0.694694 0.778825 0.709611 0.686628 0.0731287
0.0288935 0.637593 0.669066 0.768423 0.710153 0.755135 0.0480351
0.0353214 0.640688 0.662099 0.636459 0.562476 0.532412 0.0476868
0.0312771 0.81136 0.874459 0.855941 0.751782 0.608095 0.021135
0.0296866 0.764844 0.897018 0.940337 0.844743 0.679481 0.0231713
0.0168996 0.705626 0.867881 0.932478 0.870407 0.745206 0.0209612
0.0168397 0.699786 0.839845 0.931199 0.832528 0.684839 0.0207416
0.0175269 0.692446 0.851765 0.922454 0.853825 0.719485 0.0212899
0.0236978 0.68665 0.821126 0.896376 0.803211 0.645727 0.0211278
0.0270683 0.656268 0.812314 0.896399 0.819709 0.661742 0.0191903
0.0226556 0.640723 0.806449 0.90459 0.793791 0.629432 0.0208579
0.024193 0.617227 0.760451 0.863637 0.771155 0.638567 0.0189555
0.0262399 0.633759 0.715569 0.760105 0.703318 0.62619 0.0158493
0.0270474 0.772769 0.809958 0.781722 0.693945 0.604053 0.0415394
0.0305775 0.670908 0.690984 0.693149 0.705912 0.686568 0.0858244
0.116638 0.885179 0.890744 0.913417 0.891442 0.866401 0.1169
0.122275 0.873233 0.893542 0.909007 0.91999 0.914212 0.158423
0.275612 0.940036 0.931118 0.915424 0.887854 0.847533 0.153961
0.317666 0.910387 0.897933 0.875273 0.861206 0.8455 0.189838
0.430679 0.711182 0.702339 0.693347 0.680492 0.670274 0.131802
0.78521 0.634861 0.637089 0.631365 0.638885 0.645691 0.354617
0.115422 0.500256 0.536423 0.598689 0.567401 0.546064 0.391938
0.059811 0.438738 0.447529 0.570545 0.576143 0.552075 0.161664
0.0586416 0.737542 0.809019 0.920949 0.75261 0.704853 0.0526553
0.064877 0.765178 0.809913 0.895302 0.847475 0.762624 0.0639944
0.0739933 0.844934 0.89332 0.958612 0.946577 0.888047 0.090929
0.0743518 0.847658 0.885832 0.941861 0.929941 0.871877 0.0978723
0.0934788 0.749606 0.809614 0.896193 0.828731 0.737964 0.0750989
0.0879009 0.593476 0.741788 0.884474 0.775758 0.638273 0.0611034
0.0329807 0.634028 0.833654 0.917445 0.729397 0.625368 0.0415009
0.0427393 0.773317 0.904777 0.877514 0.75376 0.67933 0.0405835
0.0582266 0.79786 0.893863 0.902397 0.778019 0.669692 0.0388743
0.0421946 0.848049 0.92657 0.926388 0.838599 0.756555 0.0334261
0.0367915 0.864762 0.927625 0.935693 0.865328 0.790392 0.0337493
0.0847448 0.861713 0.912056 0.911149 0.854279 0.792685 0.0806024
0.196664 0.842464 0.897276 0.923871 0.882219 0.812023 0.180926
0.303651 0.855189 0.890145 0.892332 0.831882 0.7697 0.275773
0.365727 0.817626 0.871615 0.879338 0.820012 0.74281 0.32463
0.382656 0.785377 0.825174 0.854983 0.85281 0.803257 0.358793
0.382914 0.817934 0.852004 0.869178 0.847517 0.767765 0.350064
0.427606 0.759394 0.813167 0.872077 0.86256 0.774109 0.361532
0.400798 0.784986 0.853128 0.911539 0.86424 0.788524 0.407531
0.454431 0.804846 0.862212 0.904276 0.875094 0.782664 0.415501
0.472047 0.801444 0.84464 0.882551 0.853819 0.794212 0.393668
0.469444 0.825069 0.870217 0.89857 0.904386 0.857336 0.368594
0.414585 0.876658 0.896991 0.912329 0.887956 0.844328 0.341756
0.42301 0.85796 0.888375 0.896549 0.888238 0.882788 0.324973
0.399033 0.877474 0.902152 0.892925 0.903334 0.868725 0.34077
0.356448 0.8566 0.898476 0.927184 0.92128 0.864372 0.356818
0.299416 0.852487 0.873144 0.907062 0.950428 0.877134 0.344735
0.297646 0.79737 0.819419 0.861571 0.889876 0.798408 0.380527
0.424276 0.781311 0.814063 0.869273 0.843483 0.830819 0.399032
0.471106 0.740544 0.798991 0.849697 0.851933 0.781776 0.369238
0.428427 0.756039 0.806726 0.844287 0.81813 0.778296 0.388354
0.448417 0.865848 0.938311 0.978918 0.953467 0.902204 0.392309
0.611103 0.836216 0.865153 0.893693 0.896072 0.873011 0.382567
0.529983 0.834259 0.870686 0.89213 0.893201 0.874006 0.345838
0.426523 0.826852 0.871872 0.90017 0.897871 0.866764 0.220418
0.246402 0.92156 0.965257 0.985153 0.970507 0.929279 0.253375
0.259966 0.919615 0.94786 0.960285 0.947619 0.913041 0.147105
0.254869 0.921728 0.946632 0.958719 0.952362 0.928797 0.202172
0.29876 0.558231 0.558773 0.567471 0.569845 0.568244 0.4341
0.522531 0.582713 0.584352 0.591738 0.588993 0.580556 0.521616
0.741981 0.773829 0.779904 0.780959 0.75582 0.770639 0.72272
0.774741 0.757765 0.781227 0.808045 0.792037 0.753764 0.764433
0.803038 0.795106 0.758682 0.77375 0.76787 0.776781 0.738429
0.728428 0.727935 0.765719 0.758709 0.740326 0.74406 0.779999
0.755997 0.796266 0.772754 0.77461 0.791551 0.802195 0.768213
0.744101 0.774937 0.79706 0.793452 0.825278 0.817714 0.785183
0.739547 0.784754 0.793755 0.785468 0.766441 0.75552 0.777818
0.744642 0.807324 0.78212 0.782997 0.801965 0.775858 0.721453
0.610965 0.737289 0.756205 0.779224 0.766135 0.761277 0.750301
0.626936 0.790336 0.793029 0.797948 0.784999 0.782051 0.708119
0.504314 0.794562 0.804893 0.795975 0.801726 0.792148 0.748916
0.587246 0.835275 0.844824 0.843699 0.841293 0.854498 0.707376
0.603496 0.8426 0.83079 0.836258 0.834845 0.84802 0.633215
0.465815 0.667261 0.667615 0.656665 0.668092 0.662284 0.471418
0.675644 0.896743 0.892084 0.898767 0.889241 0.872928 0.614977
0.643172 0.62331 0.631333 0.634431 0.63116 0.636458 0.403768
0.698879 0.785936 0.801391 0.828912 0.820786 0.815984 0.52473
0.599791 0.803807 0.816527 0.806096 0.818266 0.80586 0.710512
0.645933 0.797605 0.822887 0.836458 0.796603 0.790343 0.595368
0.658121 0.735312 0.736361 0.763187 0.769831 0.75176 0.617777
0.297499 0.618818 0.641426 0.653036 0.637347 0.625828 0.62928
0.513906 0.87332 0.871301 0.866035 0.86249 0.873493 0.756857
0.656591 0.942516 0.94619 0.939811 0.936061 0.935625 0.685535
0.677283 0.870785 0.875449 0.864464 0.859111 0.854336 0.537001
0.687151 0.819936 0.824876 0.823643 0.829886 0.827036 0.548589
0.705651 0.72693 0.742365 0.735281 0.723896 0.726206 0.440552
0.517024 0.781462 0.809832 0.803949 0.799208 0.788586 0.639294
0.748468 0.77337 0.804369 0.806878 0.785634 0.760778 0.461461
0.749996 0.779344 0.777204 0.768963 0.7562 0.752583 0.625038
0.71314 0.825769 0.820224 0.806609 0.786926 0.785937 0.775864
0.730843 0.788408 0.785756 0.807419 0.811467 0.802705 0.75053
0.755937 0.820898 0.838601 0.842616 0.822336 0.795692 0.694684
0.727206 0.779074 0.771532 0.746614 0.786333 0.801208 0.712524
0.782593 0.801792 0.787455 0.811136 0.820362 0.806434 0.717169
0.744932 0.75289 0.752365 0.774378 0.758282 0.782529 0.772084
0.762472 0.763822 0.777107 0.808034 0.814651 0.785405 0.754179
0.779664 0.811555 0.812914 0.792529 0.808356 0.797045 0.816484
0.773304 0.837536 0.814191 0.822205 0.789972 0.802502 0.781505
0.71726 0.707462 0.727718 0.700426 0.688377 0.704493 0.658887
0.503291 0.451737 0.474882 0.483072 0.457051 0.429677 0.266757
0.0734923 0.564864 0.773355 0.864808 0.680492 0.559149 0.121834
0.0288686 0.498867 0.486006 0.521375 0.445598 0.36365 0.0862144
0.0856316 0.712419 0.774664 0.816784 0.746929 0.658673 0.160306
0.137817 0.846327 0.925749 0.927892 0.85279 0.765331 0.13566
0.18877 0.857759 0.915403 0.930775 0.866613 0.775919 0.182505
0.254558 0.817838 0.882436 0.901573 0.859801 0.773521 0.254076
0.310573 0.814124 0.863014 0.872174 0.81987 0.74025 0.30229
0.427592 0.748381 0.796472 0.831751 0.718378 0.634965 0.286467
0.491289 0.705156 0.801878 0.833686 0.75477 0.692989 0.312258
0.419023 0.737857 0.805539 0.859416 0.832271 0.753931 0.413301
0.342946 0.6439 0.710754 0.789271 0.747634 0.667413 0.506485
0.343133 0.559018 0.616949 0.738108 0.7692 0.727835 0.546562
0.424405 0.620303 0.68407 0.77018 0.712416 0.689479 0.49583
0.493413 0.619373 0.618379 0.730024 0.713237 0.722595 0.541671
0.502593 0.623043 0.630644 0.760065 0.681001 0.741881 0.666635
0.431726 0.742725 0.766501 0.791109 0.714053 0.722967 0.555511
0.554206 0.712648 0.74561 0.808876 0.801263 0.797727 0.570665
0.464542 0.747038 0.762538 0.773164 0.757239 0.739684 0.592611
0.525499 0.751381 0.774253 0.815057 0.771792 0.752477 0.559296
0.381362 0.682579 0.742957 0.833632 0.758366 0.661639 0.447727
0.52267 0.700255 0.770111 0.796095 0.724375 0.649435 0.464795
0.604951 0.739196 0.753852 0.721913 0.690707 0.687074 0.353525
0.492852 0.739403 0.74998 0.796778 0.708451 0.632179 0.441416
0.433709 0.647732 0.690188 0.777986 0.722588 0.675859 0.470655
0.408812 0.554231 0.650296 0.804473 0.727042 0.590083 0.405607
0.422145 0.517829 0.556042 0.699781 0.658322 0.521353 0.487449
0.587362 0.505034 0.632942 0.779833 0.608505 0.674258 0.53816
0.584084 0.449398 0.544858 0.726641 0.605691 0.543134 0.47716
0.554494 0.417611 0.454729 0.536595 0.500235 0.429917 0.264323
0.477468 0.594043 0.592527 0.622539 0.575793 0.508252 0.283313
0.203878 0.735289 0.814685 0.876871 0.880069 0.826164 0.277352
0.227101 0.753045 0.799952 0.842798 0.854439 0.824427 0.296091
0.17768 0.652087 0.726928 0.819556 0.892992 0.895433 0.324268
0.247749 0.714294 0.778795 0.834099 0.813765 0.817679 0.399237
0.294449 0.696629 0.7592 0.820551 0.844733 0.838143 0.42906
0.36633 0.706533 0.748895 0.805999 0.831891 0.838667 0.470146
0.307771 0.68432 0.73045 0.79857 0.84911 0.853502 0.440513
0.278293 0.794836 0.839228 0.85758 0.871868 0.846056 0.344297
0.234633 0.828811 0.858521 0.862143 0.833516 0.802241 0.267941
0.195948 0.763254 0.83175 0.877896 0.883603 0.864397 0.16252
0.135332 0.666651 0.757072 0.83942 0.830311 0.761604 0.123741
0.105047 0.74877 0.821637 0.853784 0.787677 0.68542 0.110334
0.0958923 0.791516 0.894846 0.939968 0.853247 0.757321 0.101345
0.0964896 0.696014 0.801452 0.845654 0.765782 0.66437 0.127329
0.151369 0.739346 0.763639 0.781111 0.6921 0.619836 0.267067
0.264321 0.608988 0.641506 0.673962 0.662417 0.654479 0.238741
0.400218 0.841995 0.892122 0.928106 0.932328 0.919047 0.46747
0.281978 0.816134 0.868434 0.899056 0.900066 0.880131 0.423557
0.170971 0.842862 0.912962 0.953238 0.950025 0.915997 0.252416
0.201618 0.892865 0.952867 0.984243 0.968836 0.921202 0.219627
0.21036 0.941478 0.980391 0.984624 0.943104 0.872194 0.225566
0.209403 0.964097 0.968011 0.939016 0.873417 0.788119 0.186903
0.164342 0.939998 0.897381 0.832688 0.772733 0.702588 0.166447
0.124915 0.943679 0.960396 0.957731 0.925888 0.872557 0.208865
0.173946 0.816171 0.830776 0.839092 0.852233 0.848799 0.176006
0.199692 0.876198 0.915391 0.941888 0.94232 0.924894 0.195106
0.181381 0.879227 0.932418 0.954402 0.936109 0.906218 0.28167
0.248338 0.642004 0.689067 0.713496 0.672439 0.607644 0.178642
0.230906 0.700664 0.811117 0.857116 0.80438 0.685038 0.19064
0.245276 0.693974 0.795313 0.86899 0.836917 0.706064 0.221166
0.416216 0.641628 0.756214 0.782326 0.700968 0.604063 0.276064
0.356568 0.579236 0.645029 0.671697 0.625984 0.565827 0.360361
0.269911 0.588448 0.714508 0.804135 0.761506 0.659924 0.231697
0.183963 0.68016 0.78904 0.835137 0.799647 0.695264 0.18255
0.11952 0.70362 0.821007 0.872739 0.766495 0.616563 0.136928
0.107913 0.644979 0.73633 0.809065 0.670205 0.528853 0.144948
0.111578 0.605085 0.608632 0.592937 0.56112 0.537727 0.146785
0.275055 0.74091 0.783056 0.816498 0.794709 0.755861 0.153603
0.368049 0.762127 0.793788 0.827615 0.82322 0.79602 0.363979
0.418108 0.850435 0.874237 0.877448 0.876862 0.857855 0.483652
0.48994 0.819996 0.834389 0.8392 0.824686 0.79247 0.28519
0.237207 0.765913 0.756023 0.738897 0.712691 0.681666 0.368834
0.738844 0.78738 0.789361 0.78872 0.776656 0.764528 0.471933
0.717547 0.798567 0.812985 0.831369 0.830204 0.8245 0.573276
0.740699 0.673516 0.680109 0.693772 0.688124 0.695319 0.454766
0.571397 0.584255 0.593795 0.563308 0.571949 0.551575 0.111883
0.313728 0.614433 0.656491 0.649265 0.531364 0.426322 0.0575868
0.144421 0.645197 0.646356 0.743679 0.590614 0.500663 0.0359538
0.0931904 0.737225 0.719103 0.821521 0.707744 0.637991 0.0593127
0.0797128 0.698624 0.690642 0.802034 0.705355 0.622007 0.101091
0.0625003 0.7447 0.675011 0.69667 0.587873 0.519104 0.052572
0.135345 0.689029 0.783583 0.796903 0.651418 0.543153 0.017931
0.0454828 0.511717 0.632159 0.718764 0.721044 0.738105 0.046707
0.0470138 0.703191 0.671624 0.637381 0.497281 0.447262 0.12777
0.0245846 0.463134 0.478348 0.478295 0.381628 0.295689 0.0932933
0.0128085 0.716464 0.801762 0.785085 0.685431 0.635233 0.0969279
0.0322251 0.704488 0.836528 0.856384 0.701396 0.499628 0.0430196
0.0748622 0.643081 0.741073 0.786175 0.756308 0.710608 0.117509
0.180745 0.691866 0.746653 0.767903 0.744872 0.738366 0.137375
0.434096 0.827926 0.82416 0.821782 0.80534 0.783174 0.354914
0.513602 0.530637 0.543935 0.555358 0.55356 0.553837 0.261534
0.803718 0.889656 0.8907 0.894617 0.896536 0.897727 0.699446
0.375399 0.372831 0.370725 0.36968 0.363554 0.36715 0.238793
0.181707 0.49831 0.486527 0.544982 0.506192 0.48977 0.125549
0.194508 0.654443 0.662075 0.673987 0.636109 0.589097 0.130657
0.180925 0.469516 0.500847 0.505233 0.51909 0.525354 0.0889594
0.121076 0.709519 0.831929 0.811221 0.752176 0.658296 0.118069
0.0650104 0.583238 0.754911 0.829672 0.695389 0.54126 0.0849875
0.0556359 0.747664 0.792551 0.8073 0.699398 0.58722 0.0516719
0.0564387 0.71375 0.818199 0.81951 0.640835 0.580389 0.0450525
0.0783464 0.510252 0.605873 0.719464 0.812494 0.739987 0.0522386
0.302861 0.538898 0.559288 0.611246 0.640876 0.595376 0.0786861
0.491194 0.593822 0.594752 0.609264 0.611744 0.623653 0.39291
0.519393 0.834988 0.834986 0.815336 0.773892 0.723625 0.399187
0.505391 0.830287 0.874333 0.886643 0.811112 0.722073 0.432617
0.495795 0.838887 0.871157 0.884743 0.814472 0.730219 0.434651
0.4776 0.812253 0.871153 0.904913 0.825166 0.747421 0.382733
0.45988 0.844246 0.868615 0.866264 0.835949 0.792557 0.352782
0.430848 0.772742 0.76637 0.744522 0.712113 0.676388 0.209308
0.487548 0.81433 0.83521 0.852604 0.867136 0.873379 0.264163
0.560421 0.903449 0.919814 0.930818 0.934146 0.930778 0.508758
0.777227 0.752545 0.743529 0.740941 0.741124 0.737017 0.548998
0.591294 0.75568 0.753925 0.747602 0.726983 0.72053 0.634387
0.573418 0.60378 0.619269 0.607257 0.607077 0.591932 0.605719
0.569022 0.538909 0.568166 0.617535 0.564608 0.52914 0.452732
0.3106 0.512968 0.61156 0.778114 0.594204 0.459833 0.243258
0.327332 0.678117 0.720474 0.768297 0.711505 0.643121 0.325385
0.330401 0.713038 0.805668 0.830309 0.806449 0.780147 0.228943
0.342588 0.670572 0.716966 0.750117 0.79377 0.833051 0.260492
0.347504 0.759308 0.815516 0.838866 0.829842 0.792578 0.254006
0.26313 0.656778 0.709385 0.793938 0.777792 0.754569 0.23679
0.217924 0.654497 0.741999 0.898068 0.796936 0.745726 0.202715
0.18623 0.639345 0.72747 0.832237 0.757328 0.674158 0.168846
0.140892 0.655681 0.701731 0.723889 0.700097 0.648954 0.232031
0.200933 0.807333 0.852914 0.891717 0.890528 0.874258 0.201732
0.353786 0.91557 0.940317 0.934887 0.905908 0.868794 0.286275
0.314428 0.873917 0.915624 0.935574 0.926725 0.905922 0.385812
0.357478 0.885965 0.907692 0.906614 0.881818 0.847955 0.277095
0.401475 0.868463 0.88531 0.908279 0.904943 0.894952 0.311531
0.47398 0.464608 0.466937 0.460335 0.452766 0.449655 0.208218
0.168458 0.531447 0.626794 0.754382 0.62074 0.529242 0.142599
0.0313807 0.47435 0.554616 0.567491 0.424369 0.306326 0.121951
0.0302504 0.518158 0.781825 0.888865 0.621978 0.380112 0.0470398
0.025127 0.690658 0.808704 0.850238 0.680656 0.47927 0.0514155
0.0348325 0.752676 0.832041 0.854844 0.756054 0.650596 0.0508532
0.0823273 0.816396 0.871998 0.847947 0.797983 0.731311 0.0540581
0.115631 0.863103 0.900315 0.924829 0.888501 0.862887 0.0780881
0.064592 0.795343 0.845653 0.864476 0.84338 0.82019 0.102224
0.0749375 0.865249 0.895012 0.929298 0.891703 0.850537 0.0797622
0.0557845 0.648998 0.705334 0.819384 0.737819 0.671343 0.0316454
0.074279 0.668261 0.717538 0.859662 0.759826 0.694902 0.0595578
0.0747815 0.694424 0.703195 0.846932 0.798868 0.664896 0.0564163
0.0788263 0.716998 0.796024 0.897085 0.764512 0.718795 0.0724634
0.0600177 0.762306 0.797491 0.865296 0.778167 0.742065 0.0997691
0.135912 0.725728 0.750354 0.806436 0.789603 0.785538 0.130438
0.0608992 0.808042 0.8449 0.909922 0.871565 0.838101 0.119191
0.173913 0.720529 0.77425 0.84885 0.78861 0.769853 0.0970197
0.149932 0.705633 0.760039 0.823809 0.79077 0.775623 0.139267
0.408986 0.727014 0.747873 0.799156 0.743624 0.691316 0.329528
0.604636 0.734461 0.771263 0.799887 0.763669 0.753329 0.554309
0.626608 0.783253 0.762614 0.723027 0.714785 0.697533 0.613418
